6 0 1 00000 00000000
70 4 3 00000 00000000
72 1 1 00000 00000000
136 4 3 00000 00000000
138 0 2 00000 00000000
202 4 3 00000 00000000
204 1 1 00000 00000000
205 0 3 00000 00000001
207 2 1 00000 00000000
271 4 3 00000 00000001
273 1 2 00000 00000000
337 4 3 00000 00000001
339 0 1 00000 00000000
340 1 3 00000 00000002
342 2 1 00000 00000000
406 4 3 00000 00000002
408 0 2 00000 00000000
472 4 3 00000 00000002
474 1 1 00000 00000000
475 0 3 00000 00000003
477 2 1 00000 00000000
541 4 3 00000 00000003
543 1 2 00000 00000000
607 4 3 00000 00000003
609 0 1 00000 00000000
610 1 3 00000 00000004
612 2 1 00000 00000000
676 4 3 00000 00000004
678 0 2 00000 00000000
742 4 3 00000 00000004
744 1 1 00000 00000000
745 0 3 00000 00000005
747 2 1 00000 00000000
811 4 3 00000 00000005
813 1 2 00000 00000000
877 4 3 00000 00000005
879 0 1 00000 00000000
880 1 3 00000 00000006
882 2 1 00000 00000000
946 4 3 00000 00000006
948 0 2 00000 00000000
1012 4 3 00000 00000006
1014 1 1 00000 00000000
1015 0 3 00000 00000007
1017 2 1 00000 00000000
1081 4 3 00000 00000007
1083 1 2 00000 00000000
1147 4 3 00000 00000007
1149 0 1 00000 00000000
1150 1 3 00000 00000008
1152 2 1 00000 00000000
1216 4 3 00000 00000008
1218 0 2 00000 00000000
1282 4 3 00000 00000008
1284 1 1 00000 00000000
1285 0 3 00000 00000009
1287 2 1 00000 00000000
1351 4 3 00000 00000009
1353 1 2 00000 00000000
1417 4 3 00000 00000009
1419 0 1 00000 00000000
1420 1 3 00000 0000000A
1422 2 1 00000 00000000
1486 4 3 00000 0000000A
1488 0 2 00000 00000000
1552 4 3 00000 0000000A
1554 1 1 00000 00000000
1555 0 3 00000 0000000B
1557 2 1 00000 00000000
1621 4 3 00000 0000000B
1623 1 2 00000 00000000
1687 4 3 00000 0000000B
1689 0 1 00000 00000000
1690 1 3 00000 0000000C
1692 2 1 00000 00000000
1756 4 3 00000 0000000C
1758 0 2 00000 00000000
1822 4 3 00000 0000000C
1824 1 1 00000 00000000
1825 0 3 00000 0000000D
1827 2 1 00000 00000000
1891 4 3 00000 0000000D
1893 1 2 00000 00000000
1957 4 3 00000 0000000D
1959 0 1 00000 00000000
1960 1 3 00000 0000000E
1962 2 1 00000 00000000
2026 4 3 00000 0000000E
2028 0 2 00000 00000000
2092 4 3 00000 0000000E
2094 1 1 00000 00000000
2095 0 3 00000 0000000F
2097 2 1 00000 00000000
2161 4 3 00000 0000000F
2163 1 2 00000 00000000
2227 4 3 00000 0000000F
2229 0 1 00000 00000000
2230 1 3 00000 00000010
2232 2 1 00000 00000000
2296 4 3 00000 00000010
2298 0 2 00000 00000000
2362 4 3 00000 00000010
2364 1 1 00000 00000000
2365 0 3 00000 00000011
2367 2 1 00000 00000000
2431 4 3 00000 00000011
2433 1 2 00000 00000000
2497 4 3 00000 00000011
2499 0 1 00000 00000000
2500 1 3 00000 00000012
2502 2 1 00000 00000000
2566 4 3 00000 00000012
2568 0 2 00000 00000000
2632 4 3 00000 00000012
2634 1 1 00000 00000000
2635 0 3 00000 00000013
2637 2 1 00000 00000000
2701 4 3 00000 00000013
2703 1 2 00000 00000000
2767 4 3 00000 00000013
2769 0 1 00000 00000000
2770 1 3 00000 00000014
2772 2 1 00000 00000000
2836 4 3 00000 00000014
2838 0 2 00000 00000000
2902 4 3 00000 00000014
2904 1 1 00000 00000000
2905 0 3 00000 00000015
2907 2 1 00000 00000000
2971 4 3 00000 00000015
2973 1 2 00000 00000000
3037 4 3 00000 00000015
3039 0 1 00000 00000000
3040 1 3 00000 00000016
3042 2 1 00000 00000000
3106 4 3 00000 00000016
3108 0 2 00000 00000000
3172 4 3 00000 00000016
3174 1 1 00000 00000000
3175 0 3 00000 00000017
3177 2 1 00000 00000000
3241 4 3 00000 00000017
3243 1 2 00000 00000000
3307 4 3 00000 00000017
3309 0 1 00000 00000000
3310 1 3 00000 00000018
3312 2 1 00000 00000000
3376 4 3 00000 00000018
3378 0 2 00000 00000000
3442 4 3 00000 00000018
3444 1 1 00000 00000000
3445 0 3 00000 00000019
3447 2 1 00000 00000000
3511 4 3 00000 00000019
3513 1 2 00000 00000000
3577 4 3 00000 00000019
3579 0 1 00000 00000000
3580 1 3 00000 0000001A
3582 2 1 00000 00000000
3646 4 3 00000 0000001A
3648 0 2 00000 00000000
3712 4 3 00000 0000001A
3714 1 1 00000 00000000
3715 0 3 00000 0000001B
3717 2 1 00000 00000000
3781 4 3 00000 0000001B
3783 1 2 00000 00000000
3847 4 3 00000 0000001B
3849 0 1 00000 00000000
3850 1 3 00000 0000001C
3852 2 1 00000 00000000
3916 4 3 00000 0000001C
3918 0 2 00000 00000000
3982 4 3 00000 0000001C
3984 1 1 00000 00000000
3985 0 3 00000 0000001D
3987 2 1 00000 00000000
4051 4 3 00000 0000001D
4053 1 2 00000 00000000
4117 4 3 00000 0000001D
4119 0 1 00000 00000000
4120 1 3 00000 0000001E
4122 2 1 00000 00000000
4186 4 3 00000 0000001E
4188 0 2 00000 00000000
4252 4 3 00000 0000001E
4254 1 1 00000 00000000
4255 0 3 00000 0000001F
4257 2 1 00000 00000000
4321 4 3 00000 0000001F
4323 1 2 00000 00000000
4387 4 3 00000 0000001F
4389 0 1 00000 00000000
4390 1 3 00000 00000020
4392 2 1 00000 00000000
4456 4 3 00000 00000020
4458 0 2 00000 00000000
4522 4 3 00000 00000020
4524 1 1 00000 00000000
4525 0 3 00000 00000021
4527 2 1 00000 00000000
4591 4 3 00000 00000021
4593 1 2 00000 00000000
4657 4 3 00000 00000021
4659 0 1 00000 00000000
4660 1 3 00000 00000022
4662 2 1 00000 00000000
4726 4 3 00000 00000022
4728 0 2 00000 00000000
4792 4 3 00000 00000022
4794 1 1 00000 00000000
4795 0 3 00000 00000023
4797 2 1 00000 00000000
4861 4 3 00000 00000023
4863 1 2 00000 00000000
4927 4 3 00000 00000023
4929 0 1 00000 00000000
4930 1 3 00000 00000024
4932 2 1 00000 00000000
4996 4 3 00000 00000024
4998 0 2 00000 00000000
5062 4 3 00000 00000024
5064 1 1 00000 00000000
5065 0 3 00000 00000025
5067 2 1 00000 00000000
5131 4 3 00000 00000025
5133 1 2 00000 00000000
5197 4 3 00000 00000025
5199 0 1 00000 00000000
5200 1 3 00000 00000026
5202 2 1 00000 00000000
5266 4 3 00000 00000026
5268 0 2 00000 00000000
5332 4 3 00000 00000026
5334 1 1 00000 00000000
5335 0 3 00000 00000027
5337 2 1 00000 00000000
5401 4 3 00000 00000027
5403 1 2 00000 00000000
5467 4 3 00000 00000027
5469 0 1 00000 00000000
5470 1 3 00000 00000028
5472 2 1 00000 00000000
5536 4 3 00000 00000028
5538 0 2 00000 00000000
5602 4 3 00000 00000028
5604 1 1 00000 00000000
5605 0 3 00000 00000029
5607 2 1 00000 00000000
5671 4 3 00000 00000029
5673 1 2 00000 00000000
5737 4 3 00000 00000029
5739 0 1 00000 00000000
5740 1 3 00000 0000002A
5742 2 1 00000 00000000
5806 4 3 00000 0000002A
5808 0 2 00000 00000000
5872 4 3 00000 0000002A
5874 1 1 00000 00000000
5875 0 3 00000 0000002B
5877 2 1 00000 00000000
5941 4 3 00000 0000002B
5943 1 2 00000 00000000
6007 4 3 00000 0000002B
6009 0 1 00000 00000000
6010 1 3 00000 0000002C
6012 2 1 00000 00000000
6076 4 3 00000 0000002C
6078 0 2 00000 00000000
6142 4 3 00000 0000002C
6144 1 1 00000 00000000
6145 0 3 00000 0000002D
6147 2 1 00000 00000000
6211 4 3 00000 0000002D
6213 1 2 00000 00000000
6277 4 3 00000 0000002D
6279 0 1 00000 00000000
6280 1 3 00000 0000002E
6282 2 1 00000 00000000
6346 4 3 00000 0000002E
6348 0 2 00000 00000000
6412 4 3 00000 0000002E
6414 1 1 00000 00000000
6415 0 3 00000 0000002F
6417 2 1 00000 00000000
6481 4 3 00000 0000002F
6483 1 2 00000 00000000
6547 4 3 00000 0000002F
6549 0 1 00000 00000000
6550 1 3 00000 00000030
6552 2 1 00000 00000000
6616 4 3 00000 00000030
6618 0 2 00000 00000000
6682 4 3 00000 00000030
6684 1 1 00000 00000000
6685 0 3 00000 00000031
6687 2 1 00000 00000000
6751 4 3 00000 00000031
6753 1 2 00000 00000000
6817 4 3 00000 00000031
6819 0 1 00000 00000000
6820 1 3 00000 00000032
6822 2 1 00000 00000000
6886 4 3 00000 00000032
6888 0 2 00000 00000000
6952 4 3 00000 00000032
6954 1 1 00000 00000000
6955 0 3 00000 00000033
6957 2 1 00000 00000000
7021 4 3 00000 00000033
7023 1 2 00000 00000000
7087 4 3 00000 00000033
7089 0 1 00000 00000000
7090 1 3 00000 00000034
7092 2 1 00000 00000000
7156 4 3 00000 00000034
7158 0 2 00000 00000000
7222 4 3 00000 00000034
7224 1 1 00000 00000000
7225 0 3 00000 00000035
7227 2 1 00000 00000000
7291 4 3 00000 00000035
7293 1 2 00000 00000000
7357 4 3 00000 00000035
7359 0 1 00000 00000000
7360 1 3 00000 00000036
7362 2 1 00000 00000000
7426 4 3 00000 00000036
7428 0 2 00000 00000000
7492 4 3 00000 00000036
7494 1 1 00000 00000000
7495 0 3 00000 00000037
7497 2 1 00000 00000000
7561 4 3 00000 00000037
7563 1 2 00000 00000000
7627 4 3 00000 00000037
7629 0 1 00000 00000000
7630 1 3 00000 00000038
7632 2 1 00000 00000000
7696 4 3 00000 00000038
7698 0 2 00000 00000000
7762 4 3 00000 00000038
7764 1 1 00000 00000000
7765 0 3 00000 00000039
7767 2 1 00000 00000000
7831 4 3 00000 00000039
7833 1 2 00000 00000000
7897 4 3 00000 00000039
7899 0 1 00000 00000000
7900 1 3 00000 0000003A
7902 2 1 00000 00000000
7966 4 3 00000 0000003A
7968 0 2 00000 00000000
8032 4 3 00000 0000003A
8034 1 1 00000 00000000
8035 0 3 00000 0000003B
8037 2 1 00000 00000000
8101 4 3 00000 0000003B
8103 1 2 00000 00000000
8167 4 3 00000 0000003B
8169 0 1 00000 00000000
8170 1 3 00000 0000003C
8172 2 1 00000 00000000
8236 4 3 00000 0000003C
8238 0 2 00000 00000000
8302 4 3 00000 0000003C
8304 1 1 00000 00000000
8305 0 3 00000 0000003D
8307 2 1 00000 00000000
8371 4 3 00000 0000003D
8373 1 2 00000 00000000
8437 4 3 00000 0000003D
8439 0 1 00000 00000000
8440 1 3 00000 0000003E
8442 2 1 00000 00000000
8506 4 3 00000 0000003E
8508 0 2 00000 00000000
8572 4 3 00000 0000003E
8574 1 1 00000 00000000
8575 0 3 00000 0000003F
8577 2 1 00000 00000000
8641 4 3 00000 0000003F
8643 1 2 00000 00000000
8707 4 3 00000 0000003F
8709 0 1 00000 00000000
8710 1 3 00000 00000040
8712 2 1 00000 00000000
8776 4 3 00000 00000040
8778 0 2 00000 00000000
8842 4 3 00000 00000040
8844 1 1 00000 00000000
8845 0 3 00000 00000041
8847 2 1 00000 00000000
8911 4 3 00000 00000041
8913 1 2 00000 00000000
8977 4 3 00000 00000041
8979 0 1 00000 00000000
8980 1 3 00000 00000042
8982 2 1 00000 00000000
9046 4 3 00000 00000042
9048 0 2 00000 00000000
9112 4 3 00000 00000042
9114 1 1 00000 00000000
9115 0 3 00000 00000043
9117 2 1 00000 00000000
9181 4 3 00000 00000043
9183 1 2 00000 00000000
9247 4 3 00000 00000043
9249 0 1 00000 00000000
9250 1 3 00000 00000044
9252 2 1 00000 00000000
9316 4 3 00000 00000044
9318 0 2 00000 00000000
9382 4 3 00000 00000044
9384 1 1 00000 00000000
9385 0 3 00000 00000045
9387 2 1 00000 00000000
9451 4 3 00000 00000045
9453 1 2 00000 00000000
9517 4 3 00000 00000045
9519 0 1 00000 00000000
9520 1 3 00000 00000046
9522 2 1 00000 00000000
9586 4 3 00000 00000046
9588 0 2 00000 00000000
9652 4 3 00000 00000046
9654 1 1 00000 00000000
9655 0 3 00000 00000047
9657 2 1 00000 00000000
9721 4 3 00000 00000047
9723 1 2 00000 00000000
9787 4 3 00000 00000047
9789 0 1 00000 00000000
9790 1 3 00000 00000048
9792 2 1 00000 00000000
9856 4 3 00000 00000048
9858 0 2 00000 00000000
9922 4 3 00000 00000048
9924 1 1 00000 00000000
9925 0 3 00000 00000049
9927 2 1 00000 00000000
9991 4 3 00000 00000049
9993 1 2 00000 00000000
10057 4 3 00000 00000049
10059 0 1 00000 00000000
10060 1 3 00000 0000004A
10062 2 1 00000 00000000
10126 4 3 00000 0000004A
10128 0 2 00000 00000000
10192 4 3 00000 0000004A
10194 1 1 00000 00000000
10195 0 3 00000 0000004B
10197 2 1 00000 00000000
10261 4 3 00000 0000004B
10263 1 2 00000 00000000
10327 4 3 00000 0000004B
10329 0 1 00000 00000000
10330 1 3 00000 0000004C
10332 2 1 00000 00000000
10396 4 3 00000 0000004C
10398 0 2 00000 00000000
10462 4 3 00000 0000004C
10464 1 1 00000 00000000
10465 0 3 00000 0000004D
10467 2 1 00000 00000000
10531 4 3 00000 0000004D
10533 1 2 00000 00000000
10597 4 3 00000 0000004D
10599 0 1 00000 00000000
10600 1 3 00000 0000004E
10602 2 1 00000 00000000
10666 4 3 00000 0000004E
10668 0 2 00000 00000000
10732 4 3 00000 0000004E
10734 1 1 00000 00000000
10735 0 3 00000 0000004F
10737 2 1 00000 00000000
10801 4 3 00000 0000004F
10803 1 2 00000 00000000
10867 4 3 00000 0000004F
10869 0 1 00000 00000000
10870 1 3 00000 00000050
10872 2 1 00000 00000000
10936 4 3 00000 00000050
10938 0 2 00000 00000000
11002 4 3 00000 00000050
11004 1 1 00000 00000000
11005 0 3 00000 00000051
11007 2 1 00000 00000000
11071 4 3 00000 00000051
11073 1 2 00000 00000000
11137 4 3 00000 00000051
11139 0 1 00000 00000000
11140 1 3 00000 00000052
11142 2 1 00000 00000000
11206 4 3 00000 00000052
11208 0 2 00000 00000000
11272 4 3 00000 00000052
11274 1 1 00000 00000000
11275 0 3 00000 00000053
11277 2 1 00000 00000000
11341 4 3 00000 00000053
11343 1 2 00000 00000000
11407 4 3 00000 00000053
11409 0 1 00000 00000000
11410 1 3 00000 00000054
11412 2 1 00000 00000000
11476 4 3 00000 00000054
11478 0 2 00000 00000000
11542 4 3 00000 00000054
11544 1 1 00000 00000000
11545 0 3 00000 00000055
11547 2 1 00000 00000000
11611 4 3 00000 00000055
11613 1 2 00000 00000000
11677 4 3 00000 00000055
11679 0 1 00000 00000000
11680 1 3 00000 00000056
11682 2 1 00000 00000000
11746 4 3 00000 00000056
11748 0 2 00000 00000000
11812 4 3 00000 00000056
11814 1 1 00000 00000000
11815 0 3 00000 00000057
11817 2 1 00000 00000000
11881 4 3 00000 00000057
11883 1 2 00000 00000000
11947 4 3 00000 00000057
11949 0 1 00000 00000000
11950 1 3 00000 00000058
11952 2 1 00000 00000000
12016 4 3 00000 00000058
12018 0 2 00000 00000000
12082 4 3 00000 00000058
12084 1 1 00000 00000000
12085 0 3 00000 00000059
12087 2 1 00000 00000000
12151 4 3 00000 00000059
12153 1 2 00000 00000000
12217 4 3 00000 00000059
12219 0 1 00000 00000000
12220 1 3 00000 0000005A
12222 2 1 00000 00000000
12286 4 3 00000 0000005A
12288 0 2 00000 00000000
12352 4 3 00000 0000005A
12354 1 1 00000 00000000
12355 0 3 00000 0000005B
12357 2 1 00000 00000000
12421 4 3 00000 0000005B
12423 1 2 00000 00000000
12487 4 3 00000 0000005B
12489 0 1 00000 00000000
12490 1 3 00000 0000005C
12492 2 1 00000 00000000
12556 4 3 00000 0000005C
12558 0 2 00000 00000000
12622 4 3 00000 0000005C
12624 1 1 00000 00000000
12625 0 3 00000 0000005D
12627 2 1 00000 00000000
12691 4 3 00000 0000005D
12693 1 2 00000 00000000
12757 4 3 00000 0000005D
12759 0 1 00000 00000000
12760 1 3 00000 0000005E
12762 2 1 00000 00000000
12826 4 3 00000 0000005E
12828 0 2 00000 00000000
12892 4 3 00000 0000005E
12894 1 1 00000 00000000
12895 0 3 00000 0000005F
12897 2 1 00000 00000000
12961 4 3 00000 0000005F
12963 1 2 00000 00000000
13027 4 3 00000 0000005F
13029 0 1 00000 00000000
13030 1 3 00000 00000060
13032 2 1 00000 00000000
13096 4 3 00000 00000060
13098 0 2 00000 00000000
13162 4 3 00000 00000060
13164 1 1 00000 00000000
13165 0 3 00000 00000061
13167 2 1 00000 00000000
13231 4 3 00000 00000061
13233 1 2 00000 00000000
13297 4 3 00000 00000061
13299 0 1 00000 00000000
13300 1 3 00000 00000062
13302 2 1 00000 00000000
13366 4 3 00000 00000062
13368 0 2 00000 00000000
13432 4 3 00000 00000062
13434 1 1 00000 00000000
13435 0 3 00000 00000063
13437 2 1 00000 00000000
13501 4 3 00000 00000063
13503 1 2 00000 00000000
13567 4 3 00000 00000063
13569 0 1 00000 00000000
13570 1 3 00000 00000064
13572 2 1 00000 00000000
13636 4 3 00000 00000064
13638 0 2 00000 00000000
13702 4 3 00000 00000064
13704 1 1 00000 00000000
13705 0 3 00000 00000065
13707 2 1 00000 00000000
13771 4 3 00000 00000065
13773 1 2 00000 00000000
13837 4 3 00000 00000065
13839 0 1 00000 00000000
13840 1 3 00000 00000066
13842 2 1 00000 00000000
13906 4 3 00000 00000066
13908 0 2 00000 00000000
13972 4 3 00000 00000066
13974 1 1 00000 00000000
13975 0 3 00000 00000067
13977 2 1 00000 00000000
14041 4 3 00000 00000067
14043 1 2 00000 00000000
14107 4 3 00000 00000067
14109 0 1 00000 00000000
14110 1 3 00000 00000068
14112 2 1 00000 00000000
14176 4 3 00000 00000068
14178 0 2 00000 00000000
14242 4 3 00000 00000068
14244 1 1 00000 00000000
14245 0 3 00000 00000069
14247 2 1 00000 00000000
14311 4 3 00000 00000069
14313 1 2 00000 00000000
14377 4 3 00000 00000069
14379 0 1 00000 00000000
14380 1 3 00000 0000006A
14382 2 1 00000 00000000
14446 4 3 00000 0000006A
14448 0 2 00000 00000000
14512 4 3 00000 0000006A
14514 1 1 00000 00000000
14515 0 3 00000 0000006B
14517 2 1 00000 00000000
14581 4 3 00000 0000006B
14583 1 2 00000 00000000
14647 4 3 00000 0000006B
14649 0 1 00000 00000000
14650 1 3 00000 0000006C
14652 2 1 00000 00000000
14716 4 3 00000 0000006C
14718 0 2 00000 00000000
14782 4 3 00000 0000006C
14784 1 1 00000 00000000
14785 0 3 00000 0000006D
14787 2 1 00000 00000000
14851 4 3 00000 0000006D
14853 1 2 00000 00000000
14917 4 3 00000 0000006D
14919 0 1 00000 00000000
14920 1 3 00000 0000006E
14922 2 1 00000 00000000
14986 4 3 00000 0000006E
14988 0 2 00000 00000000
15052 4 3 00000 0000006E
15054 1 1 00000 00000000
15055 0 3 00000 0000006F
15057 2 1 00000 00000000
15121 4 3 00000 0000006F
15123 1 2 00000 00000000
15187 4 3 00000 0000006F
15189 0 1 00000 00000000
15190 1 3 00000 00000070
15192 2 1 00000 00000000
15256 4 3 00000 00000070
15258 0 2 00000 00000000
15322 4 3 00000 00000070
15324 1 1 00000 00000000
15325 0 3 00000 00000071
15327 2 1 00000 00000000
15391 4 3 00000 00000071
15393 1 2 00000 00000000
15457 4 3 00000 00000071
15459 0 1 00000 00000000
15460 1 3 00000 00000072
15462 2 1 00000 00000000
15526 4 3 00000 00000072
15528 0 2 00000 00000000
15592 4 3 00000 00000072
15594 1 1 00000 00000000
15595 0 3 00000 00000073
15597 2 1 00000 00000000
15661 4 3 00000 00000073
15663 1 2 00000 00000000
15727 4 3 00000 00000073
15729 0 1 00000 00000000
15730 1 3 00000 00000074
15732 2 1 00000 00000000
15796 4 3 00000 00000074
15798 0 2 00000 00000000
15862 4 3 00000 00000074
15864 1 1 00000 00000000
15865 0 3 00000 00000075
15867 2 1 00000 00000000
15931 4 3 00000 00000075
15933 1 2 00000 00000000
15997 4 3 00000 00000075
15999 0 1 00000 00000000
16000 1 3 00000 00000076
16002 2 1 00000 00000000
16066 4 3 00000 00000076
16068 0 2 00000 00000000
16132 4 3 00000 00000076
16134 1 1 00000 00000000
16135 0 3 00000 00000077
16137 2 1 00000 00000000
16201 4 3 00000 00000077
16203 1 2 00000 00000000
16267 4 3 00000 00000077
16269 0 1 00000 00000000
16270 1 3 00000 00000078
16272 2 1 00000 00000000
16336 4 3 00000 00000078
16338 0 2 00000 00000000
16402 4 3 00000 00000078
16404 1 1 00000 00000000
16405 0 3 00000 00000079
16407 2 1 00000 00000000
16471 4 3 00000 00000079
16473 1 2 00000 00000000
16537 4 3 00000 00000079
16539 0 1 00000 00000000
16540 1 3 00000 0000007A
16542 2 1 00000 00000000
16606 4 3 00000 0000007A
16608 0 2 00000 00000000
16672 4 3 00000 0000007A
16674 1 1 00000 00000000
16675 0 3 00000 0000007B
16677 2 1 00000 00000000
16741 4 3 00000 0000007B
16743 1 2 00000 00000000
16807 4 3 00000 0000007B
16809 0 1 00000 00000000
16810 1 3 00000 0000007C
16812 2 1 00000 00000000
16876 4 3 00000 0000007C
16878 0 2 00000 00000000
16942 4 3 00000 0000007C
16944 1 1 00000 00000000
16945 0 3 00000 0000007D
16947 2 1 00000 00000000
17011 4 3 00000 0000007D
17013 1 2 00000 00000000
17077 4 3 00000 0000007D
17079 0 1 00000 00000000
17080 1 3 00000 0000007E
17082 2 1 00000 00000000
17146 4 3 00000 0000007E
17148 0 2 00000 00000000
17212 4 3 00000 0000007E
17214 1 1 00000 00000000
17215 0 3 00000 0000007F
17217 2 1 00000 00000000
17281 4 3 00000 0000007F
17283 1 2 00000 00000000
17347 4 3 00000 0000007F
17349 0 1 00000 00000000
17350 1 3 00000 00000080
17352 2 1 00000 00000000
17416 4 3 00000 00000080
17418 0 2 00000 00000000
17482 4 3 00000 00000080
17484 1 1 00000 00000000
17485 0 3 00000 00000081
17487 2 1 00000 00000000
17551 4 3 00000 00000081
17553 1 2 00000 00000000
17617 4 3 00000 00000081
17619 0 1 00000 00000000
17620 1 3 00000 00000082
17622 2 1 00000 00000000
17686 4 3 00000 00000082
17688 0 2 00000 00000000
17752 4 3 00000 00000082
17754 1 1 00000 00000000
17755 0 3 00000 00000083
17757 2 1 00000 00000000
17821 4 3 00000 00000083
17823 1 2 00000 00000000
17887 4 3 00000 00000083
17889 0 1 00000 00000000
17890 1 3 00000 00000084
17892 2 1 00000 00000000
17956 4 3 00000 00000084
17958 0 2 00000 00000000
18022 4 3 00000 00000084
18024 1 1 00000 00000000
18025 0 3 00000 00000085
18027 2 1 00000 00000000
18091 4 3 00000 00000085
18093 1 2 00000 00000000
18157 4 3 00000 00000085
18159 0 1 00000 00000000
18160 1 3 00000 00000086
18162 2 1 00000 00000000
18226 4 3 00000 00000086
18228 0 2 00000 00000000
18292 4 3 00000 00000086
18294 1 1 00000 00000000
18295 0 3 00000 00000087
18297 2 1 00000 00000000
18361 4 3 00000 00000087
18363 1 2 00000 00000000
18427 4 3 00000 00000087
18429 0 1 00000 00000000
18430 1 3 00000 00000088
18432 2 1 00000 00000000
18496 4 3 00000 00000088
18498 0 2 00000 00000000
18562 4 3 00000 00000088
18564 1 1 00000 00000000
18565 0 3 00000 00000089
18567 2 1 00000 00000000
18631 4 3 00000 00000089
18633 1 2 00000 00000000
18697 4 3 00000 00000089
18699 0 1 00000 00000000
18700 1 3 00000 0000008A
18702 2 1 00000 00000000
18766 4 3 00000 0000008A
18768 0 2 00000 00000000
18832 4 3 00000 0000008A
18834 1 1 00000 00000000
18835 0 3 00000 0000008B
18837 2 1 00000 00000000
18901 4 3 00000 0000008B
18903 1 2 00000 00000000
18967 4 3 00000 0000008B
18969 0 1 00000 00000000
18970 1 3 00000 0000008C
18972 2 1 00000 00000000
19036 4 3 00000 0000008C
19038 0 2 00000 00000000
19102 4 3 00000 0000008C
19104 1 1 00000 00000000
19105 0 3 00000 0000008D
19107 2 1 00000 00000000
19171 4 3 00000 0000008D
19173 1 2 00000 00000000
19237 4 3 00000 0000008D
19239 0 1 00000 00000000
19240 1 3 00000 0000008E
19242 2 1 00000 00000000
19306 4 3 00000 0000008E
19308 0 2 00000 00000000
19372 4 3 00000 0000008E
19374 1 1 00000 00000000
19375 0 3 00000 0000008F
19377 2 1 00000 00000000
19441 4 3 00000 0000008F
19443 1 2 00000 00000000
19507 4 3 00000 0000008F
19509 0 1 00000 00000000
19510 1 3 00000 00000090
19512 2 1 00000 00000000
19576 4 3 00000 00000090
19578 0 2 00000 00000000
19642 4 3 00000 00000090
19644 1 1 00000 00000000
19645 0 3 00000 00000091
19647 2 1 00000 00000000
19711 4 3 00000 00000091
19713 1 2 00000 00000000
19777 4 3 00000 00000091
19779 0 1 00000 00000000
19780 1 3 00000 00000092
19782 2 1 00000 00000000
19846 4 3 00000 00000092
19848 0 2 00000 00000000
19912 4 3 00000 00000092
19914 1 1 00000 00000000
19915 0 3 00000 00000093
19917 2 1 00000 00000000
19981 4 3 00000 00000093
19983 1 2 00000 00000000
20047 4 3 00000 00000093
20049 0 1 00000 00000000
20050 1 3 00000 00000094
20052 2 1 00000 00000000
20116 4 3 00000 00000094
20118 0 2 00000 00000000
20182 4 3 00000 00000094
20184 1 1 00000 00000000
20185 0 3 00000 00000095
20187 2 1 00000 00000000
20251 4 3 00000 00000095
20253 1 2 00000 00000000
20317 4 3 00000 00000095
20319 0 1 00000 00000000
20320 1 3 00000 00000096
20322 2 1 00000 00000000
20386 4 3 00000 00000096
20388 0 2 00000 00000000
20452 4 3 00000 00000096
20454 1 1 00000 00000000
20455 0 3 00000 00000097
20457 2 1 00000 00000000
20521 4 3 00000 00000097
20523 1 2 00000 00000000
20587 4 3 00000 00000097
20589 0 1 00000 00000000
20590 1 3 00000 00000098
20592 2 1 00000 00000000
20656 4 3 00000 00000098
20658 0 2 00000 00000000
20722 4 3 00000 00000098
20724 1 1 00000 00000000
20725 0 3 00000 00000099
20727 2 1 00000 00000000
20791 4 3 00000 00000099
20793 1 2 00000 00000000
20857 4 3 00000 00000099
20859 0 1 00000 00000000
20860 1 3 00000 0000009A
20862 2 1 00000 00000000
20926 4 3 00000 0000009A
20928 0 2 00000 00000000
20992 4 3 00000 0000009A
20994 1 1 00000 00000000
20995 0 3 00000 0000009B
20997 2 1 00000 00000000
21061 4 3 00000 0000009B
21063 1 2 00000 00000000
21127 4 3 00000 0000009B
21129 0 1 00000 00000000
21130 1 3 00000 0000009C
21132 2 1 00000 00000000
21196 4 3 00000 0000009C
21198 0 2 00000 00000000
21262 4 3 00000 0000009C
21264 1 1 00000 00000000
21265 0 3 00000 0000009D
21267 2 1 00000 00000000
21331 4 3 00000 0000009D
21333 1 2 00000 00000000
21397 4 3 00000 0000009D
21399 0 1 00000 00000000
21400 1 3 00000 0000009E
21402 2 1 00000 00000000
21466 4 3 00000 0000009E
21468 0 2 00000 00000000
21532 4 3 00000 0000009E
21534 1 1 00000 00000000
21535 0 3 00000 0000009F
21537 2 1 00000 00000000
21601 4 3 00000 0000009F
21603 1 2 00000 00000000
21667 4 3 00000 0000009F
21669 0 1 00000 00000000
21670 1 3 00000 000000A0
21672 2 1 00000 00000000
21736 4 3 00000 000000A0
21738 0 2 00000 00000000
21802 4 3 00000 000000A0
21804 1 1 00000 00000000
21805 0 3 00000 000000A1
21807 2 1 00000 00000000
21871 4 3 00000 000000A1
21873 1 2 00000 00000000
21937 4 3 00000 000000A1
21939 0 1 00000 00000000
21940 1 3 00000 000000A2
21942 2 1 00000 00000000
22006 4 3 00000 000000A2
22008 0 2 00000 00000000
22072 4 3 00000 000000A2
22074 1 1 00000 00000000
22075 0 3 00000 000000A3
22077 2 1 00000 00000000
22141 4 3 00000 000000A3
22143 1 2 00000 00000000
22207 4 3 00000 000000A3
22209 0 1 00000 00000000
22210 1 3 00000 000000A4
22212 2 1 00000 00000000
22276 4 3 00000 000000A4
22278 0 2 00000 00000000
22342 4 3 00000 000000A4
22344 1 1 00000 00000000
22345 0 3 00000 000000A5
22347 2 1 00000 00000000
22411 4 3 00000 000000A5
22413 1 2 00000 00000000
22477 4 3 00000 000000A5
22479 0 1 00000 00000000
22480 1 3 00000 000000A6
22482 2 1 00000 00000000
22546 4 3 00000 000000A6
22548 0 2 00000 00000000
22612 4 3 00000 000000A6
22614 1 1 00000 00000000
22615 0 3 00000 000000A7
22617 2 1 00000 00000000
22681 4 3 00000 000000A7
22683 1 2 00000 00000000
22747 4 3 00000 000000A7
22749 0 1 00000 00000000
22750 1 3 00000 000000A8
22752 2 1 00000 00000000
22816 4 3 00000 000000A8
22818 0 2 00000 00000000
22882 4 3 00000 000000A8
22884 1 1 00000 00000000
22885 0 3 00000 000000A9
22887 2 1 00000 00000000
22951 4 3 00000 000000A9
22953 1 2 00000 00000000
23017 4 3 00000 000000A9
23019 0 1 00000 00000000
23020 1 3 00000 000000AA
23022 2 1 00000 00000000
23086 4 3 00000 000000AA
23088 0 2 00000 00000000
23152 4 3 00000 000000AA
23154 1 1 00000 00000000
23155 0 3 00000 000000AB
23157 2 1 00000 00000000
23221 4 3 00000 000000AB
23223 1 2 00000 00000000
23287 4 3 00000 000000AB
23289 0 1 00000 00000000
23290 1 3 00000 000000AC
23292 2 1 00000 00000000
23356 4 3 00000 000000AC
23358 0 2 00000 00000000
23422 4 3 00000 000000AC
23424 1 1 00000 00000000
23425 0 3 00000 000000AD
23427 2 1 00000 00000000
23491 4 3 00000 000000AD
23493 1 2 00000 00000000
23557 4 3 00000 000000AD
23559 0 1 00000 00000000
23560 1 3 00000 000000AE
23562 2 1 00000 00000000
23626 4 3 00000 000000AE
23628 0 2 00000 00000000
23692 4 3 00000 000000AE
23694 1 1 00000 00000000
23695 0 3 00000 000000AF
23697 2 1 00000 00000000
23761 4 3 00000 000000AF
23763 1 2 00000 00000000
23827 4 3 00000 000000AF
23829 0 1 00000 00000000
23830 1 3 00000 000000B0
23832 2 1 00000 00000000
23896 4 3 00000 000000B0
23898 0 2 00000 00000000
23962 4 3 00000 000000B0
23964 1 1 00000 00000000
23965 0 3 00000 000000B1
23967 2 1 00000 00000000
24031 4 3 00000 000000B1
24033 1 2 00000 00000000
24097 4 3 00000 000000B1
24099 0 1 00000 00000000
24100 1 3 00000 000000B2
24102 2 1 00000 00000000
24166 4 3 00000 000000B2
24168 0 2 00000 00000000
24232 4 3 00000 000000B2
24234 1 1 00000 00000000
24235 0 3 00000 000000B3
24237 2 1 00000 00000000
24301 4 3 00000 000000B3
24303 1 2 00000 00000000
24367 4 3 00000 000000B3
24369 0 1 00000 00000000
24370 1 3 00000 000000B4
24372 2 1 00000 00000000
24436 4 3 00000 000000B4
24438 0 2 00000 00000000
24502 4 3 00000 000000B4
24504 1 1 00000 00000000
24505 0 3 00000 000000B5
24507 2 1 00000 00000000
24571 4 3 00000 000000B5
24573 1 2 00000 00000000
24637 4 3 00000 000000B5
24639 0 1 00000 00000000
24640 1 3 00000 000000B6
24642 2 1 00000 00000000
24706 4 3 00000 000000B6
24708 0 2 00000 00000000
24772 4 3 00000 000000B6
24774 1 1 00000 00000000
24775 0 3 00000 000000B7
24777 2 1 00000 00000000
24841 4 3 00000 000000B7
24843 1 2 00000 00000000
24907 4 3 00000 000000B7
24909 0 1 00000 00000000
24910 1 3 00000 000000B8
24912 2 1 00000 00000000
24976 4 3 00000 000000B8
24978 0 2 00000 00000000
25042 4 3 00000 000000B8
25044 1 1 00000 00000000
25045 0 3 00000 000000B9
25047 2 1 00000 00000000
25111 4 3 00000 000000B9
25113 1 2 00000 00000000
25177 4 3 00000 000000B9
25179 0 1 00000 00000000
25180 1 3 00000 000000BA
25182 2 1 00000 00000000
25246 4 3 00000 000000BA
25248 0 2 00000 00000000
25312 4 3 00000 000000BA
25314 1 1 00000 00000000
25315 0 3 00000 000000BB
25317 2 1 00000 00000000
25381 4 3 00000 000000BB
25383 1 2 00000 00000000
25447 4 3 00000 000000BB
25449 0 1 00000 00000000
25450 1 3 00000 000000BC
25452 2 1 00000 00000000
25516 4 3 00000 000000BC
25518 0 2 00000 00000000
25582 4 3 00000 000000BC
25584 1 1 00000 00000000
25585 0 3 00000 000000BD
25587 2 1 00000 00000000
25651 4 3 00000 000000BD
25653 1 2 00000 00000000
25717 4 3 00000 000000BD
25719 0 1 00000 00000000
25720 1 3 00000 000000BE
25722 2 1 00000 00000000
25786 4 3 00000 000000BE
25788 0 2 00000 00000000
25852 4 3 00000 000000BE
25854 1 1 00000 00000000
25855 0 3 00000 000000BF
25857 2 1 00000 00000000
25921 4 3 00000 000000BF
25923 1 2 00000 00000000
25987 4 3 00000 000000BF
25989 0 1 00000 00000000
25990 1 3 00000 000000C0
25992 2 1 00000 00000000
26056 4 3 00000 000000C0
26058 0 2 00000 00000000
26122 4 3 00000 000000C0
26124 1 1 00000 00000000
26125 0 3 00000 000000C1
26127 2 1 00000 00000000
26191 4 3 00000 000000C1
26193 1 2 00000 00000000
26257 4 3 00000 000000C1
26259 0 1 00000 00000000
26260 1 3 00000 000000C2
26262 2 1 00000 00000000
26326 4 3 00000 000000C2
26328 0 2 00000 00000000
26392 4 3 00000 000000C2
26394 1 1 00000 00000000
26395 0 3 00000 000000C3
26397 2 1 00000 00000000
26461 4 3 00000 000000C3
26463 1 2 00000 00000000
26527 4 3 00000 000000C3
26529 0 1 00000 00000000
26530 1 3 00000 000000C4
26532 2 1 00000 00000000
26596 4 3 00000 000000C4
26598 0 2 00000 00000000
26662 4 3 00000 000000C4
26664 1 1 00000 00000000
26665 0 3 00000 000000C5
26667 2 1 00000 00000000
26731 4 3 00000 000000C5
26733 1 2 00000 00000000
26797 4 3 00000 000000C5
26799 0 1 00000 00000000
26800 1 3 00000 000000C6
26802 2 1 00000 00000000
26866 4 3 00000 000000C6
26868 0 2 00000 00000000
26932 4 3 00000 000000C6
26934 1 1 00000 00000000
26935 0 3 00000 000000C7
26937 2 1 00000 00000000
27001 4 3 00000 000000C7
27003 1 2 00000 00000000
27067 4 3 00000 000000C7
27069 0 1 00000 00000000
27070 1 3 00000 000000C8
27072 2 1 00000 00000000
27136 4 3 00000 000000C8
27138 0 2 00000 00000000
27202 4 3 00000 000000C8
27204 1 1 00000 00000000
27205 0 3 00000 000000C9
27207 2 1 00000 00000000
27271 4 3 00000 000000C9
27273 1 2 00000 00000000
27337 4 3 00000 000000C9
27339 0 1 00000 00000000
27340 1 3 00000 000000CA
27342 2 1 00000 00000000
27406 4 3 00000 000000CA
27408 0 2 00000 00000000
27472 4 3 00000 000000CA
27474 1 1 00000 00000000
27475 0 3 00000 000000CB
27477 2 1 00000 00000000
27541 4 3 00000 000000CB
27543 1 2 00000 00000000
27607 4 3 00000 000000CB
27609 0 1 00000 00000000
27610 1 3 00000 000000CC
27612 2 1 00000 00000000
27676 4 3 00000 000000CC
27678 0 2 00000 00000000
27742 4 3 00000 000000CC
27744 1 1 00000 00000000
27745 0 3 00000 000000CD
27747 2 1 00000 00000000
27811 4 3 00000 000000CD
27813 1 2 00000 00000000
27877 4 3 00000 000000CD
27879 0 1 00000 00000000
27880 1 3 00000 000000CE
27882 2 1 00000 00000000
27946 4 3 00000 000000CE
27948 0 2 00000 00000000
28012 4 3 00000 000000CE
28014 1 1 00000 00000000
28015 0 3 00000 000000CF
28017 2 1 00000 00000000
28081 4 3 00000 000000CF
28083 1 2 00000 00000000
28147 4 3 00000 000000CF
28149 0 1 00000 00000000
28150 1 3 00000 000000D0
28152 2 1 00000 00000000
28216 4 3 00000 000000D0
28218 0 2 00000 00000000
28282 4 3 00000 000000D0
28284 1 1 00000 00000000
28285 0 3 00000 000000D1
28287 2 1 00000 00000000
28351 4 3 00000 000000D1
28353 1 2 00000 00000000
28417 4 3 00000 000000D1
28419 0 1 00000 00000000
28420 1 3 00000 000000D2
28422 2 1 00000 00000000
28486 4 3 00000 000000D2
28488 0 2 00000 00000000
28552 4 3 00000 000000D2
28554 1 1 00000 00000000
28555 0 3 00000 000000D3
28557 2 1 00000 00000000
28621 4 3 00000 000000D3
28623 1 2 00000 00000000
28687 4 3 00000 000000D3
28689 0 1 00000 00000000
28690 1 3 00000 000000D4
28692 2 1 00000 00000000
28756 4 3 00000 000000D4
28758 0 2 00000 00000000
28822 4 3 00000 000000D4
28824 1 1 00000 00000000
28825 0 3 00000 000000D5
28827 2 1 00000 00000000
28891 4 3 00000 000000D5
28893 1 2 00000 00000000
28957 4 3 00000 000000D5
28959 0 1 00000 00000000
28960 1 3 00000 000000D6
28962 2 1 00000 00000000
29026 4 3 00000 000000D6
29028 0 2 00000 00000000
29092 4 3 00000 000000D6
29094 1 1 00000 00000000
29095 0 3 00000 000000D7
29097 2 1 00000 00000000
29161 4 3 00000 000000D7
29163 1 2 00000 00000000
29227 4 3 00000 000000D7
29229 0 1 00000 00000000
29230 1 3 00000 000000D8
29232 2 1 00000 00000000
29296 4 3 00000 000000D8
29298 0 2 00000 00000000
29362 4 3 00000 000000D8
29364 1 1 00000 00000000
29365 0 3 00000 000000D9
29367 2 1 00000 00000000
29431 4 3 00000 000000D9
29433 1 2 00000 00000000
29497 4 3 00000 000000D9
29499 0 1 00000 00000000
29500 1 3 00000 000000DA
29502 2 1 00000 00000000
29566 4 3 00000 000000DA
29568 0 2 00000 00000000
29632 4 3 00000 000000DA
29634 1 1 00000 00000000
29635 0 3 00000 000000DB
29637 2 1 00000 00000000
29701 4 3 00000 000000DB
29703 1 2 00000 00000000
29767 4 3 00000 000000DB
29769 0 1 00000 00000000
29770 1 3 00000 000000DC
29772 2 1 00000 00000000
29836 4 3 00000 000000DC
29838 0 2 00000 00000000
29902 4 3 00000 000000DC
29904 1 1 00000 00000000
29905 0 3 00000 000000DD
29907 2 1 00000 00000000
29971 4 3 00000 000000DD
29973 1 2 00000 00000000
30037 4 3 00000 000000DD
30039 0 1 00000 00000000
30040 1 3 00000 000000DE
30042 2 1 00000 00000000
30106 4 3 00000 000000DE
30108 0 2 00000 00000000
30172 4 3 00000 000000DE
30174 1 1 00000 00000000
30175 0 3 00000 000000DF
30177 2 1 00000 00000000
30241 4 3 00000 000000DF
30243 1 2 00000 00000000
30307 4 3 00000 000000DF
30309 0 1 00000 00000000
30310 1 3 00000 000000E0
30312 2 1 00000 00000000
30376 4 3 00000 000000E0
30378 0 2 00000 00000000
30442 4 3 00000 000000E0
30444 1 1 00000 00000000
30445 0 3 00000 000000E1
30447 2 1 00000 00000000
30511 4 3 00000 000000E1
30513 1 2 00000 00000000
30577 4 3 00000 000000E1
30579 0 1 00000 00000000
30580 1 3 00000 000000E2
30582 2 1 00000 00000000
30646 4 3 00000 000000E2
30648 0 2 00000 00000000
30712 4 3 00000 000000E2
30714 1 1 00000 00000000
30715 0 3 00000 000000E3
30717 2 1 00000 00000000
30781 4 3 00000 000000E3
30783 1 2 00000 00000000
30847 4 3 00000 000000E3
30849 0 1 00000 00000000
30850 1 3 00000 000000E4
30852 2 1 00000 00000000
30916 4 3 00000 000000E4
30918 0 2 00000 00000000
30982 4 3 00000 000000E4
30984 1 1 00000 00000000
30985 0 3 00000 000000E5
30987 2 1 00000 00000000
31051 4 3 00000 000000E5
31053 1 2 00000 00000000
31117 4 3 00000 000000E5
31119 0 1 00000 00000000
31120 1 3 00000 000000E6
31122 2 1 00000 00000000
31186 4 3 00000 000000E6
31188 0 2 00000 00000000
31252 4 3 00000 000000E6
31254 1 1 00000 00000000
31255 0 3 00000 000000E7
31257 2 1 00000 00000000
31321 4 3 00000 000000E7
31323 1 2 00000 00000000
31387 4 3 00000 000000E7
31389 0 1 00000 00000000
31390 1 3 00000 000000E8
31392 2 1 00000 00000000
31456 4 3 00000 000000E8
31458 0 2 00000 00000000
31522 4 3 00000 000000E8
31524 1 1 00000 00000000
31525 0 3 00000 000000E9
31527 2 1 00000 00000000
31591 4 3 00000 000000E9
31593 1 2 00000 00000000
31657 4 3 00000 000000E9
31659 0 1 00000 00000000
31660 1 3 00000 000000EA
31662 2 1 00000 00000000
31726 4 3 00000 000000EA
31728 0 2 00000 00000000
31792 4 3 00000 000000EA
31794 1 1 00000 00000000
31795 0 3 00000 000000EB
31797 2 1 00000 00000000
31861 4 3 00000 000000EB
31863 1 2 00000 00000000
31927 4 3 00000 000000EB
31929 0 1 00000 00000000
31930 1 3 00000 000000EC
31932 2 1 00000 00000000
31996 4 3 00000 000000EC
31998 0 2 00000 00000000
32062 4 3 00000 000000EC
32064 1 1 00000 00000000
32065 0 3 00000 000000ED
32067 2 1 00000 00000000
32131 4 3 00000 000000ED
32133 1 2 00000 00000000
32197 4 3 00000 000000ED
32199 0 1 00000 00000000
32200 1 3 00000 000000EE
32202 2 1 00000 00000000
32266 4 3 00000 000000EE
32268 0 2 00000 00000000
32332 4 3 00000 000000EE
32334 1 1 00000 00000000
32335 0 3 00000 000000EF
32337 2 1 00000 00000000
32401 4 3 00000 000000EF
32403 1 2 00000 00000000
32467 4 3 00000 000000EF
32469 0 1 00000 00000000
32470 1 3 00000 000000F0
32472 2 1 00000 00000000
32536 4 3 00000 000000F0
32538 0 2 00000 00000000
32602 4 3 00000 000000F0
32604 1 1 00000 00000000
32605 0 3 00000 000000F1
32607 2 1 00000 00000000
32671 4 3 00000 000000F1
32673 1 2 00000 00000000
32737 4 3 00000 000000F1
32739 0 1 00000 00000000
32740 1 3 00000 000000F2
32742 2 1 00000 00000000
32806 4 3 00000 000000F2
32808 0 2 00000 00000000
32872 4 3 00000 000000F2
32874 1 1 00000 00000000
32875 0 3 00000 000000F3
32877 2 1 00000 00000000
32941 4 3 00000 000000F3
32943 1 2 00000 00000000
33007 4 3 00000 000000F3
33009 0 1 00000 00000000
33010 1 3 00000 000000F4
33012 2 1 00000 00000000
33076 4 3 00000 000000F4
33078 0 2 00000 00000000
33142 4 3 00000 000000F4
33144 1 1 00000 00000000
33145 0 3 00000 000000F5
33147 2 1 00000 00000000
33211 4 3 00000 000000F5
33213 1 2 00000 00000000
33277 4 3 00000 000000F5
33279 0 1 00000 00000000
33280 1 3 00000 000000F6
33282 2 1 00000 00000000
33346 4 3 00000 000000F6
33348 0 2 00000 00000000
33412 4 3 00000 000000F6
33414 1 1 00000 00000000
33415 0 3 00000 000000F7
33417 2 1 00000 00000000
33481 4 3 00000 000000F7
33483 1 2 00000 00000000
33547 4 3 00000 000000F7
33549 0 1 00000 00000000
33550 1 3 00000 000000F8
33552 2 1 00000 00000000
33616 4 3 00000 000000F8
33618 0 2 00000 00000000
33682 4 3 00000 000000F8
33684 1 1 00000 00000000
33685 0 3 00000 000000F9
33687 2 1 00000 00000000
33751 4 3 00000 000000F9
33753 1 2 00000 00000000
33817 4 3 00000 000000F9
33819 0 1 00000 00000000
33820 1 3 00000 000000FA
33822 2 1 00000 00000000
33886 4 3 00000 000000FA
33888 0 2 00000 00000000
33952 4 3 00000 000000FA
33954 1 1 00000 00000000
33955 0 3 00000 000000FB
33957 2 1 00000 00000000
34021 4 3 00000 000000FB
34023 1 2 00000 00000000
34087 4 3 00000 000000FB
34089 0 1 00000 00000000
34090 1 3 00000 000000FC
34092 2 1 00000 00000000
34156 4 3 00000 000000FC
34158 0 2 00000 00000000
34222 4 3 00000 000000FC
34224 1 1 00000 00000000
34225 0 3 00000 000000FD
34227 2 1 00000 00000000
34291 4 3 00000 000000FD
34293 1 2 00000 00000000
34357 4 3 00000 000000FD
34359 0 1 00000 00000000
34360 1 3 00000 000000FE
34362 2 1 00000 00000000
34426 4 3 00000 000000FE
34428 0 2 00000 00000000
34492 4 3 00000 000000FE
34494 1 1 00000 00000000
34495 0 3 00000 000000FF
34497 2 1 00000 00000000
34561 4 3 00000 000000FF
34563 0 1 00100 00000000
34627 4 3 00100 00000000
34629 1 2 00000 00000000
34693 4 3 00000 000000FF
34695 2 1 00000 00000000
34696 1 3 00000 00000100
34698 3 1 00000 00000000
34762 4 3 00000 00000100
34764 1 1 00100 00000000
34828 4 3 00100 00000000
34830 2 2 00000 00000000
34894 4 3 00000 00000100
34896 3 1 00000 00000000
34897 2 3 00000 00000101
34907 3 2 00000 00000000
34971 4 3 00000 00000101
34973 2 1 00000 00000000
34974 3 3 00000 00000102
34984 2 2 00000 00000000
35048 4 3 00000 00000102
35050 3 1 00000 00000000
35051 2 3 00000 00000103
35061 3 2 00000 00000000
35125 4 3 00000 00000103
35127 2 1 00000 00000000
35128 3 3 00000 00000104
35138 2 2 00000 00000000
35202 4 3 00000 00000104
35204 3 1 00000 00000000
35205 2 3 00000 00000105
35215 3 2 00000 00000000
35279 4 3 00000 00000105
35281 2 1 00000 00000000
35282 3 3 00000 00000106
35292 2 2 00000 00000000
35356 4 3 00000 00000106
35358 3 1 00000 00000000
35359 2 3 00000 00000107
35369 3 2 00000 00000000
35433 4 3 00000 00000107
35435 2 1 00000 00000000
35436 3 3 00000 00000108
35446 2 2 00000 00000000
35510 4 3 00000 00000108
35512 3 1 00000 00000000
35513 2 3 00000 00000109
35523 3 2 00000 00000000
35587 4 3 00000 00000109
35589 2 1 00000 00000000
35590 3 3 00000 0000010A
35600 2 2 00000 00000000
35664 4 3 00000 0000010A
35666 3 1 00000 00000000
35667 2 3 00000 0000010B
35677 3 2 00000 00000000
35741 4 3 00000 0000010B
35743 2 1 00000 00000000
35744 3 3 00000 0000010C
35754 2 2 00000 00000000
35818 4 3 00000 0000010C
35820 3 1 00000 00000000
35821 2 3 00000 0000010D
35831 3 2 00000 00000000
35895 4 3 00000 0000010D
35897 2 1 00000 00000000
35898 3 3 00000 0000010E
35908 2 2 00000 00000000
35972 4 3 00000 0000010E
35974 3 1 00000 00000000
35975 2 3 00000 0000010F
35985 3 2 00000 00000000
36049 4 3 00000 0000010F
36051 2 1 00000 00000000
36052 3 3 00000 00000110
36062 2 2 00000 00000000
36126 4 3 00000 00000110
36128 3 1 00000 00000000
36129 2 3 00000 00000111
36139 3 2 00000 00000000
36203 4 3 00000 00000111
36205 2 1 00000 00000000
36206 3 3 00000 00000112
36216 2 2 00000 00000000
36280 4 3 00000 00000112
36282 3 1 00000 00000000
36283 2 3 00000 00000113
36293 3 2 00000 00000000
36357 4 3 00000 00000113
36359 2 1 00000 00000000
36360 3 3 00000 00000114
36370 2 2 00000 00000000
36434 4 3 00000 00000114
36436 3 1 00000 00000000
36437 2 3 00000 00000115
36447 3 2 00000 00000000
36511 4 3 00000 00000115
36513 2 1 00000 00000000
36514 3 3 00000 00000116
36524 2 2 00000 00000000
36588 4 3 00000 00000116
36590 3 1 00000 00000000
36591 2 3 00000 00000117
36601 3 2 00000 00000000
36665 4 3 00000 00000117
36667 2 1 00000 00000000
36668 3 3 00000 00000118
36678 2 2 00000 00000000
36742 4 3 00000 00000118
36744 3 1 00000 00000000
36745 2 3 00000 00000119
36755 3 2 00000 00000000
36819 4 3 00000 00000119
36821 2 1 00000 00000000
36822 3 3 00000 0000011A
36832 2 2 00000 00000000
36896 4 3 00000 0000011A
36898 3 1 00000 00000000
36899 2 3 00000 0000011B
36909 3 2 00000 00000000
36973 4 3 00000 0000011B
36975 2 1 00000 00000000
36976 3 3 00000 0000011C
36986 2 2 00000 00000000
37050 4 3 00000 0000011C
37052 3 1 00000 00000000
37053 2 3 00000 0000011D
37063 3 2 00000 00000000
37127 4 3 00000 0000011D
37129 2 1 00000 00000000
37130 3 3 00000 0000011E
37140 2 2 00000 00000000
37204 4 3 00000 0000011E
37206 3 1 00000 00000000
37207 2 3 00000 0000011F
37217 3 2 00000 00000000
37281 4 3 00000 0000011F
37283 2 1 00000 00000000
37284 3 3 00000 00000120
37294 2 2 00000 00000000
37358 4 3 00000 00000120
37360 3 1 00000 00000000
37361 2 3 00000 00000121
37371 3 2 00000 00000000
37435 4 3 00000 00000121
37437 2 1 00000 00000000
37438 3 3 00000 00000122
37448 2 2 00000 00000000
37512 4 3 00000 00000122
37514 3 1 00000 00000000
37515 2 3 00000 00000123
37525 3 2 00000 00000000
37589 4 3 00000 00000123
37591 2 1 00000 00000000
37592 3 3 00000 00000124
37602 2 2 00000 00000000
37666 4 3 00000 00000124
37668 3 1 00000 00000000
37669 2 3 00000 00000125
37679 3 2 00000 00000000
37743 4 3 00000 00000125
37745 2 1 00000 00000000
37746 3 3 00000 00000126
37756 2 2 00000 00000000
37820 4 3 00000 00000126
37822 3 1 00000 00000000
37823 2 3 00000 00000127
37833 3 2 00000 00000000
37897 4 3 00000 00000127
37899 2 1 00000 00000000
37900 3 3 00000 00000128
37910 2 2 00000 00000000
37974 4 3 00000 00000128
37976 3 1 00000 00000000
37977 2 3 00000 00000129
37987 3 2 00000 00000000
38051 4 3 00000 00000129
38053 2 1 00000 00000000
38054 3 3 00000 0000012A
38064 2 2 00000 00000000
38128 4 3 00000 0000012A
38130 3 1 00000 00000000
38131 2 3 00000 0000012B
38141 3 2 00000 00000000
38205 4 3 00000 0000012B
38207 2 1 00000 00000000
38208 3 3 00000 0000012C
38218 2 2 00000 00000000
38282 4 3 00000 0000012C
38284 3 1 00000 00000000
38285 2 3 00000 0000012D
38295 3 2 00000 00000000
38359 4 3 00000 0000012D
38361 2 1 00000 00000000
38362 3 3 00000 0000012E
38372 2 2 00000 00000000
38436 4 3 00000 0000012E
38438 3 1 00000 00000000
38439 2 3 00000 0000012F
38449 3 2 00000 00000000
38513 4 3 00000 0000012F
38515 2 1 00000 00000000
38516 3 3 00000 00000130
38526 2 2 00000 00000000
38590 4 3 00000 00000130
38592 3 1 00000 00000000
38593 2 3 00000 00000131
38603 3 2 00000 00000000
38667 4 3 00000 00000131
38669 2 1 00000 00000000
38670 3 3 00000 00000132
38680 2 2 00000 00000000
38744 4 3 00000 00000132
38746 3 1 00000 00000000
38747 2 3 00000 00000133
38757 3 2 00000 00000000
38821 4 3 00000 00000133
38823 2 1 00000 00000000
38824 3 3 00000 00000134
38834 2 2 00000 00000000
38898 4 3 00000 00000134
38900 3 1 00000 00000000
38901 2 3 00000 00000135
38911 3 2 00000 00000000
38975 4 3 00000 00000135
38977 2 1 00000 00000000
38978 3 3 00000 00000136
38988 2 2 00000 00000000
39052 4 3 00000 00000136
39054 3 1 00000 00000000
39055 2 3 00000 00000137
39065 3 2 00000 00000000
39129 4 3 00000 00000137
39131 2 1 00000 00000000
39132 3 3 00000 00000138
39142 2 2 00000 00000000
39206 4 3 00000 00000138
39208 3 1 00000 00000000
39209 2 3 00000 00000139
39219 3 2 00000 00000000
39283 4 3 00000 00000139
39285 2 1 00000 00000000
39286 3 3 00000 0000013A
39296 2 2 00000 00000000
39360 4 3 00000 0000013A
39362 3 1 00000 00000000
39363 2 3 00000 0000013B
39373 3 2 00000 00000000
39437 4 3 00000 0000013B
39439 2 1 00000 00000000
39440 3 3 00000 0000013C
39450 2 2 00000 00000000
39514 4 3 00000 0000013C
39516 3 1 00000 00000000
39517 2 3 00000 0000013D
39527 3 2 00000 00000000
39591 4 3 00000 0000013D
39593 2 1 00000 00000000
39594 3 3 00000 0000013E
39604 2 2 00000 00000000
39668 4 3 00000 0000013E
39670 3 1 00000 00000000
39671 2 3 00000 0000013F
39681 3 2 00000 00000000
39745 4 3 00000 0000013F
39747 2 1 00000 00000000
39748 3 3 00000 00000140
39758 2 2 00000 00000000
39822 4 3 00000 00000140
39824 3 1 00000 00000000
39825 2 3 00000 00000141
39835 3 2 00000 00000000
39899 4 3 00000 00000141
39901 2 1 00000 00000000
39902 3 3 00000 00000142
39912 2 2 00000 00000000
39976 4 3 00000 00000142
39978 3 1 00000 00000000
39979 2 3 00000 00000143
39989 3 2 00000 00000000
40053 4 3 00000 00000143
40055 2 1 00000 00000000
40056 3 3 00000 00000144
40066 2 2 00000 00000000
40130 4 3 00000 00000144
40132 3 1 00000 00000000
40133 2 3 00000 00000145
40143 3 2 00000 00000000
40207 4 3 00000 00000145
40209 2 1 00000 00000000
40210 3 3 00000 00000146
40220 2 2 00000 00000000
40284 4 3 00000 00000146
40286 3 1 00000 00000000
40287 2 3 00000 00000147
40297 3 2 00000 00000000
40361 4 3 00000 00000147
40363 2 1 00000 00000000
40364 3 3 00000 00000148
40374 2 2 00000 00000000
40438 4 3 00000 00000148
40440 3 1 00000 00000000
40441 2 3 00000 00000149
40451 3 2 00000 00000000
40515 4 3 00000 00000149
40517 2 1 00000 00000000
40518 3 3 00000 0000014A
40528 2 2 00000 00000000
40592 4 3 00000 0000014A
40594 3 1 00000 00000000
40595 2 3 00000 0000014B
40605 3 2 00000 00000000
40669 4 3 00000 0000014B
40671 2 1 00000 00000000
40672 3 3 00000 0000014C
40682 2 2 00000 00000000
40746 4 3 00000 0000014C
40748 3 1 00000 00000000
40749 2 3 00000 0000014D
40759 3 2 00000 00000000
40823 4 3 00000 0000014D
40825 2 1 00000 00000000
40826 3 3 00000 0000014E
40836 2 2 00000 00000000
40900 4 3 00000 0000014E
40902 3 1 00000 00000000
40903 2 3 00000 0000014F
40913 3 2 00000 00000000
40977 4 3 00000 0000014F
40979 2 1 00000 00000000
40980 3 3 00000 00000150
40990 2 2 00000 00000000
41054 4 3 00000 00000150
41056 3 1 00000 00000000
41057 2 3 00000 00000151
41067 3 2 00000 00000000
41131 4 3 00000 00000151
41133 2 1 00000 00000000
41134 3 3 00000 00000152
41144 2 2 00000 00000000
41208 4 3 00000 00000152
41210 3 1 00000 00000000
41211 2 3 00000 00000153
41221 3 2 00000 00000000
41285 4 3 00000 00000153
41287 2 1 00000 00000000
41288 3 3 00000 00000154
41298 2 2 00000 00000000
41362 4 3 00000 00000154
41364 3 1 00000 00000000
41365 2 3 00000 00000155
41375 3 2 00000 00000000
41439 4 3 00000 00000155
41441 2 1 00000 00000000
41442 3 3 00000 00000156
41452 2 2 00000 00000000
41516 4 3 00000 00000156
41518 3 1 00000 00000000
41519 2 3 00000 00000157
41529 3 2 00000 00000000
41593 4 3 00000 00000157
41595 2 1 00000 00000000
41596 3 3 00000 00000158
41606 2 2 00000 00000000
41670 4 3 00000 00000158
41672 3 1 00000 00000000
41673 2 3 00000 00000159
41683 3 2 00000 00000000
41747 4 3 00000 00000159
41749 2 1 00000 00000000
41750 3 3 00000 0000015A
41760 2 2 00000 00000000
41824 4 3 00000 0000015A
41826 3 1 00000 00000000
41827 2 3 00000 0000015B
41837 3 2 00000 00000000
41901 4 3 00000 0000015B
41903 2 1 00000 00000000
41904 3 3 00000 0000015C
41914 2 2 00000 00000000
41978 4 3 00000 0000015C
41980 3 1 00000 00000000
41981 2 3 00000 0000015D
41991 3 2 00000 00000000
42055 4 3 00000 0000015D
42057 2 1 00000 00000000
42058 3 3 00000 0000015E
42068 2 2 00000 00000000
42132 4 3 00000 0000015E
42134 3 1 00000 00000000
42135 2 3 00000 0000015F
42145 3 2 00000 00000000
42209 4 3 00000 0000015F
42211 2 1 00000 00000000
42212 3 3 00000 00000160
42222 2 2 00000 00000000
42286 4 3 00000 00000160
42288 3 1 00000 00000000
42289 2 3 00000 00000161
42299 3 2 00000 00000000
42363 4 3 00000 00000161
42365 2 1 00000 00000000
42366 3 3 00000 00000162
42376 2 2 00000 00000000
42440 4 3 00000 00000162
42442 3 1 00000 00000000
42443 2 3 00000 00000163
42453 3 2 00000 00000000
42517 4 3 00000 00000163
42519 2 1 00000 00000000
42520 3 3 00000 00000164
42530 2 2 00000 00000000
42594 4 3 00000 00000164
42596 3 1 00000 00000000
42597 2 3 00000 00000165
42607 3 2 00000 00000000
42671 4 3 00000 00000165
42673 2 1 00000 00000000
42674 3 3 00000 00000166
42684 2 2 00000 00000000
42748 4 3 00000 00000166
42750 3 1 00000 00000000
42751 2 3 00000 00000167
42761 3 2 00000 00000000
42825 4 3 00000 00000167
42827 2 1 00000 00000000
42828 3 3 00000 00000168
42838 2 2 00000 00000000
42902 4 3 00000 00000168
42904 3 1 00000 00000000
42905 2 3 00000 00000169
42915 3 2 00000 00000000
42979 4 3 00000 00000169
42981 2 1 00000 00000000
42982 3 3 00000 0000016A
42992 2 2 00000 00000000
43056 4 3 00000 0000016A
43058 3 1 00000 00000000
43059 2 3 00000 0000016B
43069 3 2 00000 00000000
43133 4 3 00000 0000016B
43135 2 1 00000 00000000
43136 3 3 00000 0000016C
43146 2 2 00000 00000000
43210 4 3 00000 0000016C
43212 3 1 00000 00000000
43213 2 3 00000 0000016D
43223 3 2 00000 00000000
43287 4 3 00000 0000016D
43289 2 1 00000 00000000
43290 3 3 00000 0000016E
43300 2 2 00000 00000000
43364 4 3 00000 0000016E
43366 3 1 00000 00000000
43367 2 3 00000 0000016F
43377 3 2 00000 00000000
43441 4 3 00000 0000016F
43443 2 1 00000 00000000
43444 3 3 00000 00000170
43454 2 2 00000 00000000
43518 4 3 00000 00000170
43520 3 1 00000 00000000
43521 2 3 00000 00000171
43531 3 2 00000 00000000
43595 4 3 00000 00000171
43597 2 1 00000 00000000
43598 3 3 00000 00000172
43608 2 2 00000 00000000
43672 4 3 00000 00000172
43674 3 1 00000 00000000
43675 2 3 00000 00000173
43685 3 2 00000 00000000
43749 4 3 00000 00000173
43751 2 1 00000 00000000
43752 3 3 00000 00000174
43762 2 2 00000 00000000
43826 4 3 00000 00000174
43828 3 1 00000 00000000
43829 2 3 00000 00000175
43839 3 2 00000 00000000
43903 4 3 00000 00000175
43905 2 1 00000 00000000
43906 3 3 00000 00000176
43916 2 2 00000 00000000
43980 4 3 00000 00000176
43982 3 1 00000 00000000
43983 2 3 00000 00000177
43993 3 2 00000 00000000
44057 4 3 00000 00000177
44059 2 1 00000 00000000
44060 3 3 00000 00000178
44070 2 2 00000 00000000
44134 4 3 00000 00000178
44136 3 1 00000 00000000
44137 2 3 00000 00000179
44147 3 2 00000 00000000
44211 4 3 00000 00000179
44213 2 1 00000 00000000
44214 3 3 00000 0000017A
44224 2 2 00000 00000000
44288 4 3 00000 0000017A
44290 3 1 00000 00000000
44291 2 3 00000 0000017B
44301 3 2 00000 00000000
44365 4 3 00000 0000017B
44367 2 1 00000 00000000
44368 3 3 00000 0000017C
44378 2 2 00000 00000000
44442 4 3 00000 0000017C
44444 3 1 00000 00000000
44445 2 3 00000 0000017D
44455 3 2 00000 00000000
44519 4 3 00000 0000017D
44521 2 1 00000 00000000
44522 3 3 00000 0000017E
44532 2 2 00000 00000000
44596 4 3 00000 0000017E
44598 3 1 00000 00000000
44599 2 3 00000 0000017F
44609 3 2 00000 00000000
44673 4 3 00000 0000017F
44675 2 1 00000 00000000
44676 3 3 00000 00000180
44686 2 2 00000 00000000
44750 4 3 00000 00000180
44752 3 1 00000 00000000
44753 2 3 00000 00000181
44763 3 2 00000 00000000
44827 4 3 00000 00000181
44829 2 1 00000 00000000
44830 3 3 00000 00000182
44840 2 2 00000 00000000
44904 4 3 00000 00000182
44906 3 1 00000 00000000
44907 2 3 00000 00000183
44917 3 2 00000 00000000
44981 4 3 00000 00000183
44983 2 1 00000 00000000
44984 3 3 00000 00000184
44994 2 2 00000 00000000
45058 4 3 00000 00000184
45060 3 1 00000 00000000
45061 2 3 00000 00000185
45071 3 2 00000 00000000
45135 4 3 00000 00000185
45137 2 1 00000 00000000
45138 3 3 00000 00000186
45148 2 2 00000 00000000
45212 4 3 00000 00000186
45214 3 1 00000 00000000
45215 2 3 00000 00000187
45225 3 2 00000 00000000
45289 4 3 00000 00000187
45291 2 1 00000 00000000
45292 3 3 00000 00000188
45302 2 2 00000 00000000
45366 4 3 00000 00000188
45368 3 1 00000 00000000
45369 2 3 00000 00000189
45379 3 2 00000 00000000
45443 4 3 00000 00000189
45445 2 1 00000 00000000
45446 3 3 00000 0000018A
45456 2 2 00000 00000000
45520 4 3 00000 0000018A
45522 3 1 00000 00000000
45523 2 3 00000 0000018B
45533 3 2 00000 00000000
45597 4 3 00000 0000018B
45599 2 1 00000 00000000
45600 3 3 00000 0000018C
45610 2 2 00000 00000000
45674 4 3 00000 0000018C
45676 3 1 00000 00000000
45677 2 3 00000 0000018D
45687 3 2 00000 00000000
45751 4 3 00000 0000018D
45753 2 1 00000 00000000
45754 3 3 00000 0000018E
45764 2 2 00000 00000000
45828 4 3 00000 0000018E
45830 3 1 00000 00000000
45831 2 3 00000 0000018F
45841 3 2 00000 00000000
45905 4 3 00000 0000018F
45907 2 1 00000 00000000
45908 3 3 00000 00000190
45918 2 2 00000 00000000
45982 4 3 00000 00000190
45984 3 1 00000 00000000
45985 2 3 00000 00000191
45995 3 2 00000 00000000
46059 4 3 00000 00000191
46061 2 1 00000 00000000
46062 3 3 00000 00000192
46072 2 2 00000 00000000
46136 4 3 00000 00000192
46138 3 1 00000 00000000
46139 2 3 00000 00000193
46149 3 2 00000 00000000
46213 4 3 00000 00000193
46215 2 1 00000 00000000
46216 3 3 00000 00000194
46226 2 2 00000 00000000
46290 4 3 00000 00000194
46292 3 1 00000 00000000
46293 2 3 00000 00000195
46303 3 2 00000 00000000
46367 4 3 00000 00000195
46369 2 1 00000 00000000
46370 3 3 00000 00000196
46380 2 2 00000 00000000
46444 4 3 00000 00000196
46446 3 1 00000 00000000
46447 2 3 00000 00000197
46457 3 2 00000 00000000
46521 4 3 00000 00000197
46523 2 1 00000 00000000
46524 3 3 00000 00000198
46534 2 2 00000 00000000
46598 4 3 00000 00000198
46600 3 1 00000 00000000
46601 2 3 00000 00000199
46611 3 2 00000 00000000
46675 4 3 00000 00000199
46677 2 1 00000 00000000
46678 3 3 00000 0000019A
46688 2 2 00000 00000000
46752 4 3 00000 0000019A
46754 3 1 00000 00000000
46755 2 3 00000 0000019B
46765 3 2 00000 00000000
46829 4 3 00000 0000019B
46831 2 1 00000 00000000
46832 3 3 00000 0000019C
46842 2 2 00000 00000000
46906 4 3 00000 0000019C
46908 3 1 00000 00000000
46909 2 3 00000 0000019D
46919 3 2 00000 00000000
46983 4 3 00000 0000019D
46985 2 1 00000 00000000
46986 3 3 00000 0000019E
46996 2 2 00000 00000000
47060 4 3 00000 0000019E
47062 3 1 00000 00000000
47063 2 3 00000 0000019F
47073 3 2 00000 00000000
47137 4 3 00000 0000019F
47139 2 1 00000 00000000
47140 3 3 00000 000001A0
47150 2 2 00000 00000000
47214 4 3 00000 000001A0
47216 3 1 00000 00000000
47217 2 3 00000 000001A1
47227 3 2 00000 00000000
47291 4 3 00000 000001A1
47293 2 1 00000 00000000
47294 3 3 00000 000001A2
47304 2 2 00000 00000000
47368 4 3 00000 000001A2
47370 3 1 00000 00000000
47371 2 3 00000 000001A3
47381 3 2 00000 00000000
47445 4 3 00000 000001A3
47447 2 1 00000 00000000
47448 3 3 00000 000001A4
47458 2 2 00000 00000000
47522 4 3 00000 000001A4
47524 3 1 00000 00000000
47525 2 3 00000 000001A5
47535 3 2 00000 00000000
47599 4 3 00000 000001A5
47601 2 1 00000 00000000
47602 3 3 00000 000001A6
47612 2 2 00000 00000000
47676 4 3 00000 000001A6
47678 3 1 00000 00000000
47679 2 3 00000 000001A7
47689 3 2 00000 00000000
47753 4 3 00000 000001A7
47755 2 1 00000 00000000
47756 3 3 00000 000001A8
47766 2 2 00000 00000000
47830 4 3 00000 000001A8
47832 3 1 00000 00000000
47833 2 3 00000 000001A9
47843 3 2 00000 00000000
47907 4 3 00000 000001A9
47909 2 1 00000 00000000
47910 3 3 00000 000001AA
47920 2 2 00000 00000000
47984 4 3 00000 000001AA
47986 3 1 00000 00000000
47987 2 3 00000 000001AB
47997 3 2 00000 00000000
48061 4 3 00000 000001AB
48063 2 1 00000 00000000
48064 3 3 00000 000001AC
48074 2 2 00000 00000000
48138 4 3 00000 000001AC
48140 3 1 00000 00000000
48141 2 3 00000 000001AD
48151 3 2 00000 00000000
48215 4 3 00000 000001AD
48217 2 1 00000 00000000
48218 3 3 00000 000001AE
48228 2 2 00000 00000000
48292 4 3 00000 000001AE
48294 3 1 00000 00000000
48295 2 3 00000 000001AF
48305 3 2 00000 00000000
48369 4 3 00000 000001AF
48371 2 1 00000 00000000
48372 3 3 00000 000001B0
48382 2 2 00000 00000000
48446 4 3 00000 000001B0
48448 3 1 00000 00000000
48449 2 3 00000 000001B1
48459 3 2 00000 00000000
48523 4 3 00000 000001B1
48525 2 1 00000 00000000
48526 3 3 00000 000001B2
48536 2 2 00000 00000000
48600 4 3 00000 000001B2
48602 3 1 00000 00000000
48603 2 3 00000 000001B3
48613 3 2 00000 00000000
48677 4 3 00000 000001B3
48679 2 1 00000 00000000
48680 3 3 00000 000001B4
48690 2 2 00000 00000000
48754 4 3 00000 000001B4
48756 3 1 00000 00000000
48757 2 3 00000 000001B5
48767 3 2 00000 00000000
48831 4 3 00000 000001B5
48833 2 1 00000 00000000
48834 3 3 00000 000001B6
48844 2 2 00000 00000000
48908 4 3 00000 000001B6
48910 3 1 00000 00000000
48911 2 3 00000 000001B7
48921 3 2 00000 00000000
48985 4 3 00000 000001B7
48987 2 1 00000 00000000
48988 3 3 00000 000001B8
48998 2 2 00000 00000000
49062 4 3 00000 000001B8
49064 3 1 00000 00000000
49065 2 3 00000 000001B9
49075 3 2 00000 00000000
49139 4 3 00000 000001B9
49141 2 1 00000 00000000
49142 3 3 00000 000001BA
49152 2 2 00000 00000000
49216 4 3 00000 000001BA
49218 3 1 00000 00000000
49219 2 3 00000 000001BB
49229 3 2 00000 00000000
49293 4 3 00000 000001BB
49295 2 1 00000 00000000
49296 3 3 00000 000001BC
49306 2 2 00000 00000000
49370 4 3 00000 000001BC
49372 3 1 00000 00000000
49373 2 3 00000 000001BD
49383 3 2 00000 00000000
49447 4 3 00000 000001BD
49449 2 1 00000 00000000
49450 3 3 00000 000001BE
49460 2 2 00000 00000000
49524 4 3 00000 000001BE
49526 3 1 00000 00000000
49527 2 3 00000 000001BF
49537 3 2 00000 00000000
49601 4 3 00000 000001BF
49603 2 1 00000 00000000
49604 3 3 00000 000001C0
49614 2 2 00000 00000000
49678 4 3 00000 000001C0
49680 3 1 00000 00000000
49681 2 3 00000 000001C1
49691 3 2 00000 00000000
49755 4 3 00000 000001C1
49757 2 1 00000 00000000
49758 3 3 00000 000001C2
49768 2 2 00000 00000000
49832 4 3 00000 000001C2
49834 3 1 00000 00000000
49835 2 3 00000 000001C3
49845 3 2 00000 00000000
49909 4 3 00000 000001C3
49911 2 1 00000 00000000
49912 3 3 00000 000001C4
49922 2 2 00000 00000000
49986 4 3 00000 000001C4
49988 3 1 00000 00000000
49989 2 3 00000 000001C5
49999 3 2 00000 00000000
50063 4 3 00000 000001C5
50065 2 1 00000 00000000
50066 3 3 00000 000001C6
50076 2 2 00000 00000000
50140 4 3 00000 000001C6
50142 3 1 00000 00000000
50143 2 3 00000 000001C7
50153 3 2 00000 00000000
50217 4 3 00000 000001C7
50219 2 1 00000 00000000
50220 3 3 00000 000001C8
50230 2 2 00000 00000000
50294 4 3 00000 000001C8
50296 3 1 00000 00000000
50297 2 3 00000 000001C9
50307 3 2 00000 00000000
50371 4 3 00000 000001C9
50373 2 1 00000 00000000
50374 3 3 00000 000001CA
50384 2 2 00000 00000000
50448 4 3 00000 000001CA
50450 3 1 00000 00000000
50451 2 3 00000 000001CB
50461 3 2 00000 00000000
50525 4 3 00000 000001CB
50527 2 1 00000 00000000
50528 3 3 00000 000001CC
50538 2 2 00000 00000000
50602 4 3 00000 000001CC
50604 3 1 00000 00000000
50605 2 3 00000 000001CD
50615 3 2 00000 00000000
50679 4 3 00000 000001CD
50681 2 1 00000 00000000
50682 3 3 00000 000001CE
50692 2 2 00000 00000000
50756 4 3 00000 000001CE
50758 3 1 00000 00000000
50759 2 3 00000 000001CF
50769 3 2 00000 00000000
50833 4 3 00000 000001CF
50835 2 1 00000 00000000
50836 3 3 00000 000001D0
50846 2 2 00000 00000000
50910 4 3 00000 000001D0
50912 3 1 00000 00000000
50913 2 3 00000 000001D1
50923 3 2 00000 00000000
50987 4 3 00000 000001D1
50989 2 1 00000 00000000
50990 3 3 00000 000001D2
51000 2 2 00000 00000000
51064 4 3 00000 000001D2
51066 3 1 00000 00000000
51067 2 3 00000 000001D3
51077 3 2 00000 00000000
51141 4 3 00000 000001D3
51143 2 1 00000 00000000
51144 3 3 00000 000001D4
51154 2 2 00000 00000000
51218 4 3 00000 000001D4
51220 3 1 00000 00000000
51221 2 3 00000 000001D5
51231 3 2 00000 00000000
51295 4 3 00000 000001D5
51297 2 1 00000 00000000
51298 3 3 00000 000001D6
51308 2 2 00000 00000000
51372 4 3 00000 000001D6
51374 3 1 00000 00000000
51375 2 3 00000 000001D7
51385 3 2 00000 00000000
51449 4 3 00000 000001D7
51451 2 1 00000 00000000
51452 3 3 00000 000001D8
51462 2 2 00000 00000000
51526 4 3 00000 000001D8
51528 3 1 00000 00000000
51529 2 3 00000 000001D9
51539 3 2 00000 00000000
51603 4 3 00000 000001D9
51605 2 1 00000 00000000
51606 3 3 00000 000001DA
51616 2 2 00000 00000000
51680 4 3 00000 000001DA
51682 3 1 00000 00000000
51683 2 3 00000 000001DB
51693 3 2 00000 00000000
51757 4 3 00000 000001DB
51759 2 1 00000 00000000
51760 3 3 00000 000001DC
51770 2 2 00000 00000000
51834 4 3 00000 000001DC
51836 3 1 00000 00000000
51837 2 3 00000 000001DD
51847 3 2 00000 00000000
51911 4 3 00000 000001DD
51913 2 1 00000 00000000
51914 3 3 00000 000001DE
51924 2 2 00000 00000000
51988 4 3 00000 000001DE
51990 3 1 00000 00000000
51991 2 3 00000 000001DF
52001 3 2 00000 00000000
52065 4 3 00000 000001DF
52067 2 1 00000 00000000
52068 3 3 00000 000001E0
52078 2 2 00000 00000000
52142 4 3 00000 000001E0
52144 3 1 00000 00000000
52145 2 3 00000 000001E1
52155 3 2 00000 00000000
52219 4 3 00000 000001E1
52221 2 1 00000 00000000
52222 3 3 00000 000001E2
52232 2 2 00000 00000000
52296 4 3 00000 000001E2
52298 3 1 00000 00000000
52299 2 3 00000 000001E3
52309 3 2 00000 00000000
52373 4 3 00000 000001E3
52375 2 1 00000 00000000
52376 3 3 00000 000001E4
52386 2 2 00000 00000000
52450 4 3 00000 000001E4
52452 3 1 00000 00000000
52453 2 3 00000 000001E5
52463 3 2 00000 00000000
52527 4 3 00000 000001E5
52529 2 1 00000 00000000
52530 3 3 00000 000001E6
52540 2 2 00000 00000000
52604 4 3 00000 000001E6
52606 3 1 00000 00000000
52607 2 3 00000 000001E7
52617 3 2 00000 00000000
52681 4 3 00000 000001E7
52683 2 1 00000 00000000
52684 3 3 00000 000001E8
52694 2 2 00000 00000000
52758 4 3 00000 000001E8
52760 3 1 00000 00000000
52761 2 3 00000 000001E9
52771 3 2 00000 00000000
52835 4 3 00000 000001E9
52837 2 1 00000 00000000
52838 3 3 00000 000001EA
52848 2 2 00000 00000000
52912 4 3 00000 000001EA
52914 3 1 00000 00000000
52915 2 3 00000 000001EB
52925 3 2 00000 00000000
52989 4 3 00000 000001EB
52991 2 1 00000 00000000
52992 3 3 00000 000001EC
53002 2 2 00000 00000000
53066 4 3 00000 000001EC
53068 3 1 00000 00000000
53069 2 3 00000 000001ED
53079 3 2 00000 00000000
53143 4 3 00000 000001ED
53145 2 1 00000 00000000
53146 3 3 00000 000001EE
53156 2 2 00000 00000000
53220 4 3 00000 000001EE
53222 3 1 00000 00000000
53223 2 3 00000 000001EF
53233 3 2 00000 00000000
53297 4 3 00000 000001EF
53299 2 1 00000 00000000
53300 3 3 00000 000001F0
53310 2 2 00000 00000000
53374 4 3 00000 000001F0
53376 3 1 00000 00000000
53377 2 3 00000 000001F1
53387 3 2 00000 00000000
53451 4 3 00000 000001F1
53453 2 1 00000 00000000
53454 3 3 00000 000001F2
53464 2 2 00000 00000000
53528 4 3 00000 000001F2
53530 3 1 00000 00000000
53531 2 3 00000 000001F3
53541 3 2 00000 00000000
53605 4 3 00000 000001F3
53607 2 1 00000 00000000
53608 3 3 00000 000001F4
53618 2 2 00000 00000000
53682 4 3 00000 000001F4
53684 3 1 00000 00000000
53685 2 3 00000 000001F5
53695 3 2 00000 00000000
53759 4 3 00000 000001F5
53761 2 1 00000 00000000
53762 3 3 00000 000001F6
53772 2 2 00000 00000000
53836 4 3 00000 000001F6
53838 3 1 00000 00000000
53839 2 3 00000 000001F7
53849 3 2 00000 00000000
53913 4 3 00000 000001F7
53915 2 1 00000 00000000
53916 3 3 00000 000001F8
53926 2 2 00000 00000000
53990 4 3 00000 000001F8
53992 3 1 00000 00000000
53993 2 3 00000 000001F9
54003 3 2 00000 00000000
54067 4 3 00000 000001F9
54069 2 1 00000 00000000
54070 3 3 00000 000001FA
54080 2 2 00000 00000000
54144 4 3 00000 000001FA
54146 3 1 00000 00000000
54147 2 3 00000 000001FB
54157 3 2 00000 00000000
54221 4 3 00000 000001FB
54223 2 1 00000 00000000
54224 3 3 00000 000001FC
54234 2 2 00000 00000000
54298 4 3 00000 000001FC
54300 3 1 00000 00000000
54301 2 3 00000 000001FD
54311 3 2 00000 00000000
54375 4 3 00000 000001FD
54377 2 1 00000 00000000
54378 3 3 00000 000001FE
54388 2 2 00000 00000000
54452 4 3 00000 000001FE
54454 3 1 00000 00000000
54455 2 3 00000 000001FF
54462 2 1 00100 00000000
54526 4 3 00100 00000000
54528 3 2 00000 00000000
54592 4 3 00000 000001FF
54602 3 3 00000 00000200
54604 3 1 00100 00000000
54668 4 3 00100 00000000
