34 0 1 00000 00000000
98 4 3 00000 00000000
100 1 1 00000 00000000
164 4 3 00000 00000000
166 0 1 00100 00000000
230 4 3 00100 00000000
232 1 1 00108 00000000
296 4 3 00108 00000008
298 0 1 00001 00000000
362 4 3 00001 00000001
364 1 1 00001 00000000
428 4 3 00001 00000001
430 0 1 00110 00000000
494 4 3 00110 00000010
496 1 1 00118 00000000
560 4 3 00118 00000018
562 0 1 00002 00000000
626 4 3 00002 00000002
628 1 1 00002 00000000
692 4 3 00002 00000002
694 0 1 00120 00000000
758 4 3 00120 00000020
760 1 1 00128 00000000
824 4 3 00128 00000028
826 0 1 00003 00000000
890 4 3 00003 00000003
892 1 1 00003 00000000
956 4 3 00003 00000003
958 0 1 00130 00000000
1022 4 3 00130 00000030
1024 1 1 00138 00000000
1088 4 3 00138 00000038
1090 0 1 00004 00000000
1154 4 3 00004 00000004
1156 1 1 00004 00000000
1220 4 3 00004 00000004
1222 0 1 00140 00000000
1286 4 3 00140 00000040
1288 1 1 00148 00000000
1352 4 3 00148 00000048
1354 0 1 00005 00000000
1418 4 3 00005 00000005
1420 1 1 00005 00000000
1484 4 3 00005 00000005
1486 0 1 00150 00000000
1550 4 3 00150 00000050
1552 1 1 00158 00000000
1616 4 3 00158 00000058
1618 0 1 00006 00000000
1682 4 3 00006 00000006
1684 1 1 00006 00000000
1748 4 3 00006 00000006
1750 0 1 00160 00000000
1814 4 3 00160 00000060
1816 1 1 00168 00000000
1880 4 3 00168 00000068
1882 0 1 00007 00000000
1946 4 3 00007 00000007
1948 1 1 00007 00000000
2012 4 3 00007 00000007
2014 0 1 00170 00000000
2078 4 3 00170 00000070
2080 1 1 00178 00000000
2144 4 3 00178 00000078
2146 0 1 00008 00000000
2210 4 3 00008 00000008
2212 1 1 00008 00000000
2276 4 3 00008 00000008
2278 0 1 00180 00000000
2342 4 3 00180 00000080
2344 1 1 00188 00000000
2408 4 3 00188 00000088
2410 0 1 00009 00000000
2474 4 3 00009 00000009
2476 1 1 00009 00000000
2540 4 3 00009 00000009
2542 0 1 00190 00000000
2606 4 3 00190 00000090
2608 1 1 00198 00000000
2672 4 3 00198 00000098
2674 0 1 0000A 00000000
2738 4 3 0000A 0000000A
2740 1 1 0000A 00000000
2804 4 3 0000A 0000000A
2806 0 1 001A0 00000000
2870 4 3 001A0 000000A0
2872 1 1 001A8 00000000
2936 4 3 001A8 000000A8
2938 0 1 0000B 00000000
3002 4 3 0000B 0000000B
3004 1 1 0000B 00000000
3068 4 3 0000B 0000000B
3070 0 1 001B0 00000000
3134 4 3 001B0 000000B0
3136 1 1 001B8 00000000
3200 4 3 001B8 000000B8
3202 0 1 0000C 00000000
3266 4 3 0000C 0000000C
3268 1 1 0000C 00000000
3332 4 3 0000C 0000000C
3334 0 1 001C0 00000000
3398 4 3 001C0 000000C0
3400 1 1 001C8 00000000
3464 4 3 001C8 000000C8
3466 0 1 0000D 00000000
3530 4 3 0000D 0000000D
3532 1 1 0000D 00000000
3596 4 3 0000D 0000000D
3598 0 1 001D0 00000000
3662 4 3 001D0 000000D0
3664 1 1 001D8 00000000
3728 4 3 001D8 000000D8
3730 0 1 0000E 00000000
3794 4 3 0000E 0000000E
3796 1 1 0000E 00000000
3860 4 3 0000E 0000000E
3862 0 1 001E0 00000000
3926 4 3 001E0 000000E0
3928 1 1 001E8 00000000
3992 4 3 001E8 000000E8
3994 0 1 0000F 00000000
4058 4 3 0000F 0000000F
4060 1 1 0000F 00000000
4124 4 3 0000F 0000000F
4126 0 1 001F0 00000000
4190 4 3 001F0 000000F0
4192 1 1 001F8 00000000
4256 4 3 001F8 000000F8
4258 0 2 00200 00000000
4322 4 3 00200 00000000
4324 1 2 00208 00000000
4388 4 3 00208 00000000
4390 0 3 00200 00004D80
4392 0 1 00000 00000000
4456 4 3 00000 00000000
4458 1 1 00109 00000000
4522 4 3 00109 00000009
4524 0 1 00101 00000000
4588 4 3 00101 00000001
4590 1 1 00119 00000000
4654 4 3 00119 00000019
4656 0 1 00001 00000000
4720 4 3 00001 00000001
4722 1 1 00129 00000000
4786 4 3 00129 00000029
4788 0 1 00111 00000000
4852 4 3 00111 00000011
4854 1 1 00139 00000000
4918 4 3 00139 00000039
4920 0 1 00121 00000000
4984 4 3 00121 00000021
4986 1 1 00149 00000000
