00000000
00000001
00000002
00000003
00000004
00000005
00000006
00000007
00000000
00000000
00000000
00000000
00000000
00000000
00000000
00000000
00000010
00000011
00000012
00000013
00000014
00000015
00000016
00000017
00000000
00000000
00000000
00000000
00000000
00000000
00000000
00000000
00000020
00000021
00000022
00000023
00000024
00000025
00000026
00000027
00000000
00000000
00000000
00000000
00000000
00000000
00000000
00000000
00000030
00000031
00000032
00000033
00000034
00000035
00000036
00000037
00000000
00000000
00000000
00000000
00000000
00000000
00000000
00000000
00000040
00000041
00000042
00000043
00000044
00000045
00000046
00000047
00000000
00000000
00000000
00000000
00000000
00000000
00000000
00000000
00000050
00000051
00000052
00000053
00000054
00000055
00000056
00000057
00000000
00000000
00000000
00000000
00000000
00000000
00000000
00000000
00000060
00000061
00000062
00000063
00000064
00000065
00000066
00000067
00000000
00000000
00000000
00000000
00000000
00000000
00000000
00000000
00000070
00000071
00000072
00000073
00000074
00000075
00000076
00000077
00000000
00000000
00000000
00000000
00000000
00000000
00000000
00000000
00000000
00000000
00000000
00000000
00000000
00000000
00000000
00000000
00000088
00000089
0000008A
0000008B
0000008C
0000008D
0000008E
0000008F
00000000
00000000
00000000
00000000
00000000
00000000
00000000
00000000
00000098
00000099
0000009A
0000009B
0000009C
0000009D
0000009E
0000009F
00000000
00000000
00000000
00000000
00000000
00000000
00000000
00000000
000000A8
000000A9
000000AA
000000AB
000000AC
000000AD
000000AE
000000AF
00000000
00000000
00000000
00000000
00000000
00000000
00000000
00000000
000000B8
000000B9
000000BA
000000BB
000000BC
000000BD
000000BE
000000BF
00000000
00000000
00000000
00000000
00000000
00000000
00000000
00000000
000000C8
000000C9
000000CA
000000CB
000000CC
000000CD
000000CE
000000CF
00000000
00000000
00000000
00000000
00000000
00000000
00000000
00000000
000000D8
000000D9
000000DA
000000DB
000000DC
000000DD
000000DE
000000DF
00000000
00000000
00000000
00000000
00000000
00000000
00000000
00000000
000000E8
000000E9
000000EA
000000EB
000000EC
000000ED
000000EE
000000EF
00000000
00000000
00000000
00000000
00000000
00000000
00000000
00000000
000000F8
000000F9
000000FA
000000FB
000000FC
000000FD
000000FE
000000FF
