00201010
08A21001
0E13A021
00E10000
00400000
0E14A01E
00E10000
00600000
09100011
00E10000
05732000
00774000
11671200
00441001
00500000
09100005
00E10000
0E15200A
00E10000
05C32000
00CC5000
10C0C000
05D52000
00DD4000
10D1D100
05CCD000
0066C000
00551001
09100011
00E10000
00331001
09100002
00E10000
10E10400
10E10401
10E10402
10E10403
10E10404
10E10405
10E10406
10E10407
10E10410
10E10411
10E10412
10E10413
10E10414
10E10415
10E10416
10E10417
10E10420
10E10421
10E10422
10E10423
10E10424
10E10425
10E10426
10E10427
10E10430
10E10431
10E10432
10E10433
10E10434
10E10435
10E10436
10E10437
10E10440
10E10441
10E10442
10E10443
10E10444
10E10445
10E10446
10E10447
10E10450
10E10451
10E10452
10E10453
10E10454
10E10455
10E10456
10E10457
10E10460
10E10461
10E10462
10E10463
10E10464
10E10465
10E10466
10E10467
10E10470
10E10471
10E10472
10E10473
10E10474
10E10475
10E10476
10E10477
14000000
